80
38
81
12
72
19
24
44
86
49
51
57
97
68
97
22
12
35
60
0
62
41
58
46
0
31
15
84
32
47
97
66
74
61
16
15
37
32
48
37
47
37
82
16
93
20
8
22
58
16
52
97
83
9
11
29
69
21
55
58
99
11
71
61
46
29
48
59
98
24
79
23
96
42
45
33
59
54
90
73
0
7
41
25
90
15
69
95
42
50
98
43
72
47
99
57
7
72
73
36
0
61
80
26
75
44
5
4
70
96
8
46
38
56
77
17
79
96
71
40
20
41
48
73
50
94
13
77
31
35
77
63
42
3
8
99
13
51
83
37
58
84
90
46
20
59
35
79
83
15
58
86
71
28
50
47
58
80
72
18
84
74
5
46
13
24
99
61
42
74
17
97
24
50
44
21
2
83
27
60
70
24
45
46
15
17
3
28
10
38
80
15
15
41
78
70
4
70
36
97
94
82
65
38
63
48
57
66
28
77
1
53
70
16
93
83
0
61
23
94
17
54
91
41
53
71
19
0
83
0
8
19
45
35
42
89
36
56
78
85
93
25
90
40
9
69
86
10
58
32
2
32
32
98
95
75
0
45
80
14
3
83
15
38
42
25
48
14
70
37
18
23
3
18
52
50
47
82
40
2
72
54
68
93
30
54
25
14
13
87
5
33
27
62
12
86
63
36
43
22
65
76
6
64
76
66
65
92
35
60
98
97
76
86
13
95
44
52
84
57
44
61
14
74
24
37
44
33
78
27
96
59
18
51
2
47
98
47
56
36
33
57
13
43
41
78
10
81
85
82
69
69
89
95
84
79
45
16
15
12
89
39
49
46
80
52
45
49
7
94
89
68
70
32
76
61
18
8
77
67
97
99
52
22
51
48
49
54
66
20
68
57
62
60
40
48
40
51
0
33
44
30
40
86
97
25
4
78
72
0
12
69
69
84
84
79
96
73
99
1
4
71
80
24
47
10
0
87
49
66
55
67
29
57
21
52
62
40
65
43
87
40
22
39
73
35
6
36
35
38
9
22
14
28
62
72
34
8
5
5
99
23
29
73
86
53
9
44
38
26
70
8
96
34
91
1
51
50
2
26
39
79
83
80
41
56
16
70
8
91
51
36
59
69
43
0
75
39
98
80
12
50
80
84
81
96
76
95
53
77
39
61
37
95
21
54
68
97
39
57
21
19
95
6
16
21
17
23
4
99
82
15
33
44
79
27
19
23
35
13
91
66
55
44
54
23
24
78
19
14
66
6
29
28
47
85
71
73
70
16
93
85
96
68
36
53
39
90
81
98
70
47
64
51
39
79
12
12
70
3
91
95
83
69
95
74
49
15
79
47
31
7
25
84
88
97
46
8
75
53
69
72
8
21
0
55
1
95
80
63
5
4
7
89
7
56
49
24
48
90
60
43
84
9
10
41
11
69
22
41
91
23
26
24
9
59
63
50
93
4
10
47
68
15
52
78
18
2
14
43
0
12
99
23
48
49
22
12
75
32
40
33
53
17
75
19
45
57
27
85
19
37
82
54
7
95
13
1
15
25
97
71
25
48
12
17
40
80
43
33
42
73
13
58
47
50
30
73
60
60
57
3
78
27
56
45
26
80
58
55
63
61
48
92
47
61
45
96
60
58
47
36
22
30
76
6
93
71
85
25
18
30
39
44
19
37
39
72
13
14
32
58
93
91
13
53
23
61
16
76
11
78
87
12
1
90
38
81
73
99
73
69
0
88
24
41
78
60
1
7
57
68
74
73
42
55
37
72
56
51
21
30
6
88
11
82
82
41
94
69
13
51
23
79
69
34
41
77
58
3
48
90
40
44
13
4
62
96
84
43
17
7
59
37
41
9
39
2
17
71
84
8
85
30
1
16
20
81
37
52
56
55
14
24
24
53
76
3
0
47
66
83
88
1
74
45
63
45
31
92
79
48
33
53
74
5
28
60
47
87
72
74
28
76
37
62
64
27
80
55
66
99
91
23
56
72
79
51
17
67
35
39
78
64
80
61
44
32
80
26
54
45
31
28
53
64
75
24
8
30
40
3
45
8
27
49
86
18
5
74
58
20
51
24
52
15
41
51
71
38
96
67
15
68
6
45
40
30
42
45
80
26
60
72
80
96
18
19
0
42
80
14
64
99
74
31
4
73
9
3
50
51
38
0
55
22
95
33
72
0
31
35
93
55
29
28
29
60
19
54
80
28
45
83
21
25
98
68
90
14
24
77
46
64
41
62
59
25
69
24
99
54
38
0
5
78
2
25
45
11
